0.6931525468826294
0.6245371699333191
0.41728895902633667
0.3381425440311432
0.3278285562992096
0.30329588055610657
0.28255751729011536
0.25700581073760986
0.22854848206043243
0.19808536767959595
0.16810233891010284
0.14009912312030792
0.11459000408649445
0.09347335994243622
0.0768887996673584
0.06275162100791931
0.05171699449419975
0.0436791256070137
0.03707342967391014
0.032175932079553604
0.027585776522755623
0.02447500452399254
0.022116221487522125
0.021162962540984154
0.01949503645300865
0.01654273085296154
0.01651133969426155
0.015212484635412693
0.013960162177681923
0.014958069659769535
0.012184323742985725
0.013234196230769157
0.011528940871357918
0.011632106266915798
0.009306060150265694
0.010117022320628166
0.010356555692851543
0.009247672744095325
0.010378717444837093
0.010138445533812046
0.008765841834247112
0.0104215731844306
0.008938669227063656
0.011402399279177189
0.008768635801970959
0.008283992297947407
0.00833955779671669
0.009397575631737709
0.009374268352985382
0.007132948376238346
0.0099935382604599
0.6931338906288147
0.6101006269454956
0.32585275173187256
0.135502889752388
0.11780120432376862
0.14454546570777893
0.15209639072418213
0.135446697473526
0.12145787477493286
0.11276639252901077
0.10319527238607407
0.09261954575777054
0.08264783769845963
0.07519367337226868
0.0696081891655922
0.06407757103443146
0.06014320254325867
0.057630088180303574
0.05543104186654091
0.05450638756155968
0.05298110097646713
0.05259043723344803
0.052537113428115845
0.053670935332775116
0.05383573845028877
0.052273765206336975
0.05384121835231781
0.053581662476062775
0.053331248462200165
0.05571349710226059
0.05368007346987724
0.055925313383340836
0.054835762828588486
0.05613205209374428
0.05423114448785782
0.05571005120873451
0.05653408169746399
0.05610782653093338
0.05823281779885292
0.05852759629487991
0.05773311108350754
0.06032388657331467
0.059238508343696594
0.0626872256398201
0.0603795051574707
0.06021605432033539
0.0606638640165329
0.06234709173440933
0.06268993765115738
0.06089700013399124
0.06434901803731918
0.49238107010534926
0.8180782120081396
0.6249325910103767
0.6320933045897447
0.7060804886410084
0.7679308681530705
0.8482957996563076
0.9198435803787648
0.9573151224679053
0.9781651459813914
0.9908571215097857
0.9963685618097035
0.9984245524746296
0.9991111023210228
0.9989999626421248
0.9991959156854731
0.9993163508827446
0.9992502933691969
0.9993100110315608
0.9992983421893473
0.9993573456570372
0.9993387875831212
0.9993239213462899
0.9991845435087396
0.9991322314957655
0.9993838257980302
0.9992812784304419
0.9992216706441817
0.9992706314359927
0.999058801295659
0.9995067551828558
0.9992325373908381
0.99937166251335
0.9993475007581452
0.9996168070883271
0.9993678827753825
0.9994034167073209
0.999511205165056
0.9992724663669246
0.9994388078003245
0.9995586936170775
0.9992191654690172
0.9994399175489718
0.9990764693731348
0.9994887135266275
0.9993551151721319
0.9994459936975068
0.9993097253536911
0.9992322297377478
0.9994619586953751
0.9990283546273222
0.5126909722222223
0.6137083333333333
0.5394444444444444
0.54025
0.5377006944444445
0.5623847222222222
0.5989618055555556
0.6387680555555555
0.6942534722222222
0.7310340277777778
0.7573749999999999
0.7933222222222223
0.8088298611111111
0.8227013888888888
0.8284055555555554
0.8368395833333334
0.8378222222222222
0.84085625
0.8466368055555555
0.8472854166666666
0.8477131944444445
0.8499923611111112
0.8518881944444445
0.8562215277777778
0.8490958333333334
0.8582131944444445
0.8561993055555557
0.8593986111111113
0.8627902777777778
0.8604444444444445
0.8633777777777777
0.8605340277777778
0.8654472222222223
0.8612229166666666
0.8614076388888889
0.867501388888889
0.8675631944444445
0.8683416666666668
0.868832638888889
0.8648305555555555
0.867257638888889
0.8684916666666666
0.8678444444444444
0.866211111111111
0.8723625
0.8719493055555556
0.8691548611111112
0.8692111111111112
0.8731298611111111
0.8701611111111109
0.8741861111111111
0.013417190775681341
0.1689727463312369
0.018448637316561847
0.007547169811320755
0.029350104821802937
0.10440251572327044
0.16477987421383647
0.2658280922431866
0.4088050314465409
0.5622641509433962
0.7245283018867924
0.8117400419287212
0.880083857442348
0.9270440251572327
0.9505241090146751
0.969392033542977
0.9807127882599581
0.9878406708595387
0.9911949685534591
0.9920335429769392
0.9928721174004193
0.9953878406708595
0.9953878406708595
0.9958071278825996
0.9958071278825996
0.9962264150943396
0.9966457023060796
0.9970649895178197
0.9962264150943396
0.9962264150943396
0.9966457023060796
0.9958071278825996
0.9979035639412998
0.9970649895178197
0.9974842767295597
0.9979035639412998
0.9974842767295597
0.9983228511530399
0.9979035639412998
0.9979035639412998
0.9983228511530399
0.9987421383647799
0.9991614255765199
0.9991614255765199
0.99958071278826
0.9987421383647799
0.9987421383647799
0.9987421383647799
0.99958071278826
0.9991614255765199
0.9987421383647799
0.006666666666666667
0.08333333333333333
0.01
0.006666666666666667
0.01
0.03
0.03666666666666667
0.06666666666666667
0.11666666666666667
0.16333333333333333
0.27
0.29
0.36666666666666664
0.3933333333333333
0.42
0.42333333333333334
0.44333333333333336
0.45
0.45666666666666667
0.4533333333333333
0.4633333333333333
0.45666666666666667
0.46
0.45666666666666667
0.47
0.46
0.46
0.48
0.47
0.4766666666666667
0.4766666666666667
0.47333333333333333
0.49
0.49666666666666665
0.4866666666666667
0.48
0.47333333333333333
0.4766666666666667
0.48
0.4866666666666667
0.49
0.47333333333333333
0.47333333333333333
0.46
0.47333333333333333
0.48
0.45
0.45666666666666667
0.4533333333333333
0.4666666666666667
0.47333333333333333
