0.6931334137916565
0.3454148471355438
0.33793821930885315
0.32943272590637207
0.3207022249698639
0.31205642223358154
0.3035670220851898
0.29536911845207214
0.28741806745529175
0.27963778376579285
0.2723890244960785
0.26522907614707947
0.2586936354637146
0.2523501217365265
0.24630099534988403
0.24062243103981018
0.23507198691368103
0.23012731969356537
0.22529073059558868
0.22078460454940796
0.21645566821098328
0.2127438187599182
0.2086934894323349
0.20519763231277466
0.20195508003234863
0.19851802289485931
0.1958378702402115
0.19292639195919037
0.19032897055149078
0.18790152668952942
0.1853533536195755
0.18334463238716125
0.18131498992443085
0.179255872964859
0.17791464924812317
0.17581532895565033
0.17450480163097382
0.17258337140083313
0.17123861610889435
0.1694987267255783
0.16828356683254242
0.6931488513946533
0.1373293101787567
0.1363474577665329
0.13465844094753265
0.133799210190773
0.13072963058948517
0.13027091324329376
0.12872622907161713
0.1254897117614746
0.12479181587696075
0.12192054837942123
0.12094400078058243
0.11883480846881866
0.1135588064789772
0.11446698009967804
0.11104460805654526
0.10987113416194916
0.10550837963819504
0.10433526337146759
0.10588783025741577
0.10170462727546692
0.10008317977190018
0.10102397203445435
0.098111093044281
0.0967942401766777
0.09578303247690201
0.09839940071105957
0.09588088095188141
0.09468318521976471
0.09163416922092438
0.08919656276702881
0.09045561403036118
0.09292777627706528
0.08792796730995178
0.0894441157579422
0.08515245467424393
0.08717319369316101
0.08971541374921799
0.0847572386264801
0.08438529819250107
0.08570902049541473
0.5096724275524458
0.8661689874273536
0.9051432996681009
0.9035972459295363
0.902481597165726
0.9083823611760291
0.908559505849181
0.9113122754153071
0.9154036576060545
0.9171669113065115
0.9207110489591838
0.9210982204601112
0.9215469158688787
0.9260939465417589
0.9258479186213986
0.9279989024385372
0.9280845356944971
0.9300222510197107
0.9305378152734215
0.9307450320946755
0.9319626832488198
0.9319823025112182
0.9325955102596046
0.9336010694004576
0.9337135754597458
0.9340947587690653
0.9345517360795833
0.9349702493098726
0.9359509458177251
0.9363539109095219
0.9370698827969979
0.9367621066761083
0.9376189513001494
0.9381763990396144
0.9377610343708487
0.9388949989602976
0.9395162600858076
0.9392915272751083
0.9399755861216552
0.9408619273502946
0.940360095733875
0.5139631944444444
0.6084506944444444
0.7454277777777778
0.7218854166666666
0.7019541666666667
0.6927361111111111
0.696851388888889
0.7048458333333333
0.7169680555555555
0.7288895833333333
0.7387847222222222
0.7533840277777779
0.7642666666666666
0.7759486111111111
0.7859444444444444
0.7967180555555556
0.8024895833333333
0.8119916666666667
0.8164243055555557
0.8189305555555556
0.8263430555555555
0.8291618055555555
0.8304083333333333
0.8318291666666666
0.8354777777777778
0.8349659722222224
0.8399944444444445
0.8399701388888889
0.8421256944444444
0.8433875000000001
0.8405583333333333
0.8416423611111111
0.8414020833333334
0.8443972222222222
0.8451555555555557
0.8438201388888888
0.8439006944444445
0.84185625
0.8466340277777777
0.8467930555555555
0.8431
0.00078064012490242
0.4457455113192818
0.5914650013010668
0.6031746031746031
0.605256310174343
0.6073380171740828
0.6099401509237575
0.6120218579234973
0.6128024980483997
0.6138433515482696
0.615144418423107
0.6161852719229769
0.6167056986729118
0.6174863387978142
0.6182669789227166
0.618527192297684
0.6187874056726516
0.6187874056726516
0.6190476190476191
0.6190476190476191
0.6190476190476191
0.6190476190476191
0.6193078324225865
0.6193078324225865
0.6190476190476191
0.619568045797554
0.619568045797554
0.619568045797554
0.619568045797554
0.619568045797554
0.6198282591725215
0.6200884725474889
0.6206088992974239
0.6206088992974239
0.6206088992974239
0.6206088992974239
0.6206088992974239
0.6206088992974239
0.6229508196721312
0.6229508196721312
0.6229508196721312
0.0033333333333333335
0.21333333333333335
0.38333333333333336
0.44666666666666666
0.45666666666666667
0.4633333333333333
0.46
0.46
0.47
0.47333333333333333
0.4766666666666667
0.48333333333333334
0.48333333333333334
0.4866666666666667
0.4866666666666667
0.49
0.49666666666666665
0.5
0.5
0.5
0.5
0.49666666666666665
0.49666666666666665
0.49666666666666665
0.49333333333333335
0.49333333333333335
0.49
0.4866666666666667
0.4866666666666667
0.4866666666666667
0.4866666666666667
0.4866666666666667
0.4866666666666667
0.4866666666666667
0.4866666666666667
0.4866666666666667
0.4866666666666667
0.4866666666666667
0.4866666666666667
0.4866666666666667
0.4866666666666667
